foldername <- "jonginlee_data0623"

filelist <- c(
  "data_watch_intentservice1",
  "data_watch_intentservice2",
  "data_watch_intentservice3",
  "data_watch_intentservice4"
)

ranglist<-1

ranglist1 <- c(
  "8137", "9406", "17402",
  "27050", "28440", "36839",
  "46870", "48118", "57907",
  "67615", "68784", "78472",
  "89973", "91382", "104716",
  "114908", "115653", "124958",
  "133176", "134405", "144355"
)

ranglist2 <- c(
  "10313", "11662", "22115",
  "33314", "34885", "45157",
  "56195", "57182", "69831",
  "89932", "91463", "107536",
  "124133", "125442", "139158",
  "158071", "158776", "171989",
  "184155", "185021", "197952"
)

ranglist3 <- c(
  "7372", "8762", "20565",
  "32005", "33536", "43989",
  "66125", "66991", "77948",
  "95129", "96478", "105864",
  "121776", "123146", "131726",
  "153237", "154043", "163832",
  "182020", "183430", "194447"
)

ranglist4 <- c(
  "8459", "9628", "20182",
  "34039", "35107", "46769",
  "58713", "60062", "68481",
  "89691", "90899", "99943",
  "112007", "113135", "122864",
  "135029", "135855", "144153",
  "158776", "159844", "169612"
)


ranglist1 <- c(
  "8157", "10594", "19779",
  "29004", "30978", "39961",
  "49307", "50555", "56316",
  "64554", "66085", "75974",
  "83849", "85360", "97062",
  "108442", "109570", "118856",
  "126409", "127557", "138957"
  )


ranglist2 <- c(
  "10635", "11561", "21149",
  "33516", "34764", "45822",
  "57686", "58874", "71160",
  "84212", "85340", "97848",
  "109349", "110799", "122642",
  "132451", "133579", "143569",
  "154567", "155755", "167034"
  )

ranglist3 <- c(
  "7271", "8600", "18873",
  "27977", "29366", "39719",
  "49085", "50132", "61190",
  "71019", "72127", "81372",
  "90234", "91523", "103890",
  "113035", "114001", "124898",
  "133841", "134949", "146873"
  )

ranglist4 <- c(
  "7835", "8943", "21028",
  "29366", "30575", "41290",
  "51865", "52852", "63084",
  "72510", "73698", "84554",
  "95814", "96901", "107899",
  "116962", "117990", "128483",
  "138433", "139239", "151727"
  )




