
li<-list()

########################################  Changhyun 

li[[1]]<- c(
  '15187','16516','25721',
  '34523','35288','46044',
  '53214','53859','69650',
  '77585','78492','90980',
  '99278','100164','112471',
  '120769','121474','135251',
  '140427','141454','153882')
li[[2]]<-c(
  '6204','7674','18470',
  '25761','26728','39276',
  '49871','50475','67857',
  '87213','88240','103890',
  '112028','112813','125381',
  '136500','136641','154385',
  '165604','166108','178495')
li[[3]]<-c(
  '11702','12810','23284',
  '34664','36235','50858',
  '60203','60928','73336',
  '82339','83306','93840',
  '103447','104172','119883',
  '126953','127516','141535',
  '150760','151545','163630')
li[[4]]<-c(
  '10917','11722','24996',
  '33898','35147','46064',
  '53395','54684','66508',
  '73819','75068','89469',
  '98714','99600','115593',
  '124113','125240','139481',
  '148806','149692','160911')  
  
######################################## cheol min 

#if(FALSE){
#1
li[[1]]<-c(
  '7231','9104','23505',
  '31783','33314','43130',
  '49669','51160','63305',
  '76719','78170','87918',
  '94948','96539','109107',
  '121998','123045','135513',
  '145382','147255','159864'
)
#2
li[[2]]<-c(
  '6264','7473','19517',
'29971','31018','41512',
'52831','53597','66346',
'75330','76538','87576',
'97264','98331','109409',
'118856','119661','130457',
'139601','140810','154385')
#3
li[[3]]<-c('6969','8439','20403',
'28118','29125','41028',
'49508','50878','59458',
'73054','74161','87112',
'97928','99077','111544',
'121978','122783','137366',
'146369','147054','161475')

#4
li[[4]]<-c('7573','8036','19960',
'28299','29225','41895',
'51724','52368','64232',
'75994','76921','89771',
'98190','98875','111121',
'121071','121595','134788',
'144677','145181','160005')
#}

########################################  Eunji 
#1
li[[5]]<- c('8621','10051','21874',
            '37423','38692','50958',
            '62177','62983','75813',
            '85985','87576','99943',
            '112269','113397','125643',
            '136157','136641','149713',
            '157044','158817','171143')

li[[6]]<- c(
  '7593','9225','24895',
  '35107','36134','47877',
  '55772','56336','68280',
  '76760','77888','90255',
  '99681','100688','111162',
  '120427','121132','132914',
  '142764','144476','155453'
)

li[[7]]<- c(
  '10695','11702','24230',
  '34805','36074','47736',
  '60787','61754','72691',
  '83245','84353','94907',
  '106811','107818','120346',
  '133781','134445','147618',
  '156017','156621','168988'
)
# 4 
li[[8]]<- c(
  '9426','10735','21552',
  '35449','35275','46990',
  '59619','60465','73235',
  '87455','88200','99258',
  '140165','115129','127879',
  '140145','140810','151606',
  '164698','167357','179663'  
)


######################################## jongin
if(FALSE){
  
li[[9]] <- c(
  "8137", "9406", "17402",
  "27050", "28440", "36839",
  "46870", "48118", "57907",
  "67615", "68784", "78472",
  "89973", "91382", "104716",
  "114908", "115653", "124958",
  "133176", "134405", "144355"
)

li[[10]] <- c(
  "10313", "11662", "22115",
  "33314", "34885", "45157",
  "56195", "57182", "69831",
  "89932", "91463", "107536",
  "124133", "125442", "139158",
  "158071", "158776", "171989",
  "184155", "185021", "197952"
)
li[[11]] <- c(
  "7372", "8762", "20565",
  "32005", "33536", "43989",
  "66125", "66991", "77948",
  "95129", "96478", "105864",
  "121776", "123146", "131726",
  "153237", "154043", "163832",
  "182020", "183430", "194447"
)
li[[12]] <- c(
  "8459", "9628", "20182",
  "34039", "35107", "46769",
  "58713", "60062", "68481",
  "89691", "90899", "99943",
  "112007", "113135", "122864",
  "135029", "135855", "144153",
  "158776", "159844", "169612"
)
}

########################################  junhong 
li[[9]] <- c(
  "8157", "10594", "19779",
  "29004", "30978", "39961",
  "49307", "50555", "56316",
  "64554", "66085", "75974",
  "83849", "85360", "97062",
  "108442", "109570", "118856",
  "126409", "127557", "138957"
)
li[[10]] <- c(
  "10635", "11561", "21149",
  "33516", "34764", "45822",
  "57686", "58874", "71160",
  "84212", "85340", "97848",
  "109349", "110799", "122642",
  "132451", "133579", "143569",
  "154567", "155755", "167034"
)
li[[11]] <- c(
  '7271','8600', '18873',
  '27977','29366','39719',
  '49085','50132','61190',
  '90234','91523','103770',
  "113035", "114001", "124898",
  "133841", "134949", "146873"
)

##

li[[12]] <- c(
  "7835", "8943", "21028",
  "29366", "30575", "41290",
  "51865", "52852", "63084",
  "72510", "73698", "84554",
  "95814", "96901", "107899",
  "116962", "117990", "128483",
  "138433", "139239", "151727"
)

########################################  Minseok 

li[[13]]<- c(
  '10051','11199','22196',
  '30172','31300','41733',
  '51301','52388','64131',
  '74020','75652','90053',
  '99600','100527','114163',
  '123790','124334','138453',
  '147275','148041','159824')

# 2
li[[14]]<- c(
 '7211','8399','20927',
 '28823','30092','40364',
 '49347','51623','63023',
 '71825','72892','82802',
 '90778','92450','102561',
 '114505','115049','125724',
 '134707','136761','147155')

li[[15]]<-c(
  '8359','10735','22256',
  '29185','30797','40928',
  '50555','52368','62076',
  '70496','71483','82017',
  '90859','91987','102621',
  '111282','111866','122400')


##
 
li[[16]]<-c(
  '14422','15086','28380',
  '39659','40364','54322',
  '62681','65883','75309',
  '84434','85723','99761',
  '107576','108563','120668',
  '128604','130296','140669',
  '149169','150981','162160'
) 


########################################  seoku----------------------------
  li[[17]]<- c(
    '8379','9507','20021',
    '27916','29004','41290',
    '51200','52187','62983',
    '74423','77122','89832',
    '98754','100809','111907',
    '120769','121011','134304',
    '146127','147316','160448'
  )
  
  li[[18]]<- c(
    '8419','9064','21833',
    '30635','31542','45137',
    '54443','55551','67555',
    '75652','77062','89550',
    '98875','99983','113760',
    '123649','125704','136580',
    '147557','149269','161173'
  )
  
  li[[19]]<- c(
    '7513','8741','24210',
    '33294','34214','50354',
    '58854','59941','70375',
    '79922','80889','93256',
    '103165','105139','118936',
    '130558','130880','144335',
    '153459','154406','167155')
  
  # 3-2 
if(FALSE){
  li[[19]]<- c(
    '7553','8762','24230',
    '33234','34362','50374',
    '58834','59921','70375',
    '79982','81151','93276',
    '103206','105139','118976',
    '130578','130961','144254',
    '153459','154426','167095')
}
  #4 
  li[[20]]<- c(
    '9124','10413','21914',
    '31804','32287','44493',
    '54322','55188','67031',
    '79680','80546','95250',
    '103387','104535','117345',
    '127416','128362','141475',
    '149471','150558','163953'  )

 
 
 
  
  
  
  
